2.116965897634117 2.023741561528169 0.0 0.0 0.0 0.20266113332765232 0.9792489290463133
2.1495251022208492 2.0378212278756678 0.0 0.0 0.0 0.26978820284029914 0.9629196880364435
2.167934831499082 2.0547352143337605 0.0 0.0 0.0 0.349267583763855 0.9370230279623647
2.187309869934765 2.0705341647644957 0.0 0.0 0.0 0.3494964626985305 0.9369376833926655
2.205703005279645 2.087466080300004 0.0 0.0 0.0 0.3625699605113041 0.9319565567851494
2.2241640422368647 2.1043239907074565 0.0 0.0 0.0 0.3552527691087237 0.9347702766137699
2.2430790281754582 2.1206709224085643 0.0 0.0 0.0 0.3557221384224893 0.9345917612712683
2.261506114326508 2.1375658353800446 0.0 0.0 0.0 0.3563653223036296 0.9343467006734867
2.2803760868366965 2.153964837699604 0.0 0.0 0.0 0.3515892753558153 0.9361543577075164
2.299144588398107 2.1704799975526328 0.0 0.0 0.0 0.3571477929906009 0.9340478863323566
2.3176191675308218 2.1873228399056615 0.0 0.0 0.0 0.3570859475904687 0.9340715315399657
2.3363920559941533 2.203833040652171 0.0 0.0 0.0 0.35393643047147694 0.9352694815854462
2.3550920837386258 2.2204254481259795 0.0 0.0 0.0 0.3576415776549931 0.9338589304238877
2.3736006136775103 2.237231097180114 0.0 0.0 0.0 0.3573677606973104 0.933963748554616
2.3923200963783273 2.2538015701443186 0.0 0.0 0.0 0.35517711938207036 0.934799023249091
2.4109856011120314 2.2704330782656825 0.0 0.0 0.0 0.3550798358926744 0.934835980342237
2.429711950268029 2.286995731100376 0.0 0.0 0.0 0.35485489791939884 0.9349213878303422
2.4483932859956212 2.303609119409458 0.0 0.0 0.0 0.35591069234849243 0.934519972537782
2.467044676349232 2.320256267789844 0.0 0.0 0.0 0.3557414941119021 0.9345843939243965
2.4857380283733903 2.3368561139234316 0.0 0.0 0.0 0.3554498471429013 0.9346953547365516
2.5044102088274087 2.3534799926501506 0.0 0.0 0.0 0.3558942618547658 0.9345262299041431
2.5230718988637904 2.370115315468837 0.0 0.0 0.0 0.35523131135039165 0.9347784311997582
2.5417911908297413 2.3866861699027737 0.0 0.0 0.0 0.3546819261881919 0.934987021960965
2.560491981513678 2.4032776237022517 0.0 0.0 0.0 0.35408679099869694 0.9352125664469255
2.5792534258850424 2.4198007944196576 0.0 0.0 0.0 0.3534523998010939 0.935452511394805
2.5979992299973844 2.4363415127447468 0.0 0.0 0.0 0.3539072396338878 0.9352805278282671
2.6167282494415076 2.452900923086716 0.0 0.0 0.0 0.35343075625629844 0.9354606889293109
2.6355078136251535 2.4694034944385805 0.0 0.0 0.0 0.3528885366396645 0.9356653679111545
2.6542753615122336 2.48591960796594 0.0 0.0 0.0 0.3532652458418683 0.9355232044584915
2.6730282228146223 2.502452315426652 0.0 0.0 0.0 0.35290096842430674 0.9356606791381085
2.691821329173763 2.518939055784628 0.0 0.0 0.0 0.35243688986971855 0.9358355831335758
2.710606996873125 2.535434569946446 0.0 0.0 0.0 0.35201320175272377 0.9359950351320225
2.729430048606247 2.5518873594982523 0.0 0.0 0.0 0.3517221381926596 0.9361044479678449
2.748236124936284 2.568359413271537 0.0 0.0 0.0 0.3520093396527497 0.9359964875987704
2.767038958773597 2.5848352817421443 0.0 0.0 0.0 0.3516322759181184 0.9361382069612607
2.785871547250025 2.6012770086717154 0.0 0.0 0.0 0.35141592168645025 0.9362194454214582
2.804689639876628 2.6177355202695054 0.0 0.0 0.0 0.3516171588184113 0.9361438851076623
2.823508113972963 2.634193459662697 0.0 0.0 0.0 0.3512805229248439 0.9362702570378107
2.842349857722965 2.6506248869094975 0.0 0.0 0.0 0.3511236128393946 0.9363291133499005
2.8611793944415354 2.667070237801525 0.0 0.0 0.0 0.3507526301616714 0.9364681481153909
2.8800470781333303 2.683471719674344 0.0 0.0 0.0 0.35043856026343057 0.9365857224410876
2.8988985493615047 2.699891702829177 0.0 0.0 0.0 0.3508109377451598 0.9364463070343978
2.917740293111507 2.7163233208108437 0.0 0.0 0.0 0.35078439076475953 0.9364562516187269
2.9365936716883425 2.7327412058821494 0.0 0.0 0.0 0.35065130493930713 0.9365060930631264
2.9554445707119186 2.749161951976447 0.0 0.0 0.0 0.350662732481574 0.9365018142259822
2.9742971863492897 2.7655807907220833 0.0 0.0 0.0 0.3556617172143096 0.9346147564147318
2.992792937052144 2.782400744891177 0.0 0.0 0.0 0.3574143673522825 0.9339459138569897
3.011521765761401 2.7989605367028787 0.0 0.0 0.0 0.39366834041879517 0.9192525429673347
3.027170226382765 2.818457454718015 0.0 0.0 0.0 0.4044790521749006 0.9145472630496982
3.0450975871845714 2.835881847677854 0.0 0.0 0.0 0.36593481710498593 0.9306404835543856
3.0637705305780543 2.852504581995376 0.0 0.0 0.0 0.39997572661589365 0.9165257323818508
3.078944252117637 2.8723732422645867 0.0 0.0 0.0 0.42138348611968945 0.9068825489696102
3.095976112722994 2.890674061934263 0.0 0.0 0.0 0.3755413328013076 0.9268056470252096
3.1147938238798645 2.907132764266919 0.0 0.0 0.0 0.34281430201643653 0.9394031905060699
3.134217118236677 2.9228723961542897 0.0 0.0 0.0 0.3588213310031358 0.9334062633264992
3.1518663876036754 2.940578313776527 0.0 0.0 0.0 0.34169642748146273 0.9398103805802559
3.1723879333196265 2.954856725854526 0.0 0.0 0.0 0.21510537030826446 0.9765908455768693
3.1965521335088027 2.9612671339700682 0.0 0.0 0.0 0.11967598125215075 0.9928130032948475
3.22094655068139 2.966736074786425 0.0 0.0 0.0 0.09784985802679405 0.99520118834542
3.2455799586412297 2.9710022415370076 0.0 0.0 0.0 0.07223260009890557 0.9973878139835836
3.2704067717553187 2.973937841861513 0.0 0.0 0.0 0.09198129946769996 0.9957607345885021
3.294625140646474 2.9801411119124452 0.0 0.0 0.0 0.11813227847784842 0.9929978674607676
3.319006778583031 2.985667273188639 0.0 0.0 0.0 0.10542420399986557 0.9944273413432451
3.3435104868339067 2.9906240908894546 0.0 0.0 0.0 0.09455284076071271 0.9955198442542867
3.3681099439875766 2.9950796573620977 0.0 0.0 0.0 0.08812929953780858 0.9961090435102852
3.392733433734378 2.999402663102785 0.0 0.0 0.0 0.08210988737064072 0.9966232820860552
3.417433598897361 3.0032625645885247 0.0 0.0 0.0 0.08037781945950419 0.9967644687381946
3.4420864618135454 3.007414290419433 0.0 0.0 0.0 0.07775679269468147 0.9969723572847125
3.46682591835895 3.0110142202826466 0.0 0.0 0.0 0.06512062732889884 0.9978773992311334
3.4916573091098257 3.0139118643687937 0.0 0.0 0.0 0.05510963166285126 0.998480309519414
3.516521506257675 3.016516730435441 0.0 0.0 0.0 0.053277306182816335 0.9985797557761235
3.541373496374092 3.0192320319895742 0.0 0.0 0.0 0.0517918073920939 0.9986579037323343
3.566252570841499 3.02168888780011 0.0 0.0 0.0 0.04102522952709343 0.9991581108824815
3.591198402512049 3.0233305427928343 0.0 0.0 0.0 0.03184982620858138 0.9994926655911404
3.6161511006377793 3.02487225271571 0.0 0.0 0.0 0.03190333935786952 0.9994909589074914
3.641096550838597 3.0265192482846857 0.0 0.0 0.0 0.03231788123658285 0.9994776408466465
3.6660465786762018 3.02810234767351 0.0 0.0 0.0 0.025362645762681782 0.9996783163597762
3.691028268501583 3.029054496125198 0.0 0.0 0.0 0.01863993042036188 0.9998262614044122
3.7160118656756254 3.029966018050402 0.0 0.0 0.0 0.012538828910144437 0.9999213857946844
3.7410091957600287 3.0303081964002274 0.0 0.0 0.0 0.00507556837173235 0.9999871192198947
3.7660088146628254 3.0304735635291564 0.0 0.0 0.0 0.00043488200068694143 0.9999999054388182
3.7910084335656222 3.0303516839497036 0.0 0.0 0.0 -0.008385611524282844 0.999964840141574
3.8159981342553806 3.029635093057678 0.0 0.0 0.0 -0.027200632850584428 0.9996299943341674
3.840918025984138 3.0276335213725787 0.0 0.0 0.0 -0.05685433217046171 0.9983824842781702
3.8656468013770393 3.023962065934569 0.0 0.0 0.0 -0.06354919400537168 0.9979787071582578
3.890504132069708 3.0212927314831717 0.0 0.0 0.0 -0.09458508756694867 0.9955167809785793
3.9145855533269867 3.0145779105212966 0.0 0.0 0.0 0.10728485416179279 0.994228323911305
3.9336758246075476 3.0307196115064556 0.0 0.0 0.0 0.32602066267235147 0.9453626433864841
3.9539284341622647 3.04537663229371 0.0 0.0 0.0 0.2647320017608896 0.9643220246596426
3.9764912244154687 3.056143615486377 0.0 0.0 0.0 0.2089338852026214 0.9779297682421462
3.9995499253205935 3.0658030013114654 0.0 0.0 0.0 0.1810280621026081 0.9834779309833923
4.023189223158198 3.0739378433516293 0.0 0.0 0.0 0.2156355894365078 0.9764739077765313
4.04465833968905 3.08674702475588 0.0 0.0 0.0 0.27550367542762266 0.961300018113945
4.065590346836899 3.1004166111412133 0.0 0.0 0.0 0.2751864015189642 0.96139089054299
4.08707624803597 3.1131973730504114 0.0 0.0 0.0 0.26782182508345365 0.9634684582325298
4.108416809267055 3.126219986769854 0.0 0.0 0.0 0.2619989286024352 0.9650681641268538
4.130205215963798 3.138478135145874 0.0 0.0 0.0 0.25635877916119576 0.9665816966749273
4.1518440865255 3.15099873469768 0.0 0.0 0.0 0.26160656193517307 0.9651745991023896
4.173360886772883 3.1637274259884265 0.0 0.0 0.0 0.27220062341225043 0.9622405211868715
4.19442831567568 3.177187013286158 0.0 0.0 0.0 0.2811318621369677 0.9596691492860449
4.215457216135519 3.1907066820667183 0.0 0.0 0.0 0.2789556837104283 0.9603039761063408
4.23664595241317 3.203974771558862 0.0 0.0 0.0 0.27734918589289725 0.9607691861652033
4.2577648797298195 3.217353487273357 0.0 0.0 0.0 0.2810007537552392 0.959707547323135
4.278749148230986 3.230942202075454 0.0 0.0 0.0 0.28405558238804146 0.958807815004754
4.299696032698392 3.2445889002768524 0.0 0.0 0.0 0.28518452804020805 0.9584726313080013
4.3206162142845415 3.2582764157396014 0.0 0.0 0.0 0.28443398603495074 0.9586956282304981
4.341605823361959 3.2718575011470534 0.0 0.0 0.0 0.2860544551299934 0.9582133628270285
4.36243292633344 3.2856861604107337 0.0 0.0 0.0 0.28763059258303264 0.957741427636047
4.383332508554048 3.299404956391527 0.0 0.0 0.0 0.28689990737557564 0.9579605645055991
4.404201573196076 3.313169910209922 0.0 0.0 0.0 0.2893061560650239 0.9572366207280623
4.424962300434146 3.3270981330737186 0.0 0.0 0.0 0.2903572357372358 0.956918322353079
4.445770711388747 3.340954639627853 0.0 0.0 0.0 0.28979933782427003 0.9570874274571862
4.466563863554057 3.3548344158356542 0.0 0.0 0.0 0.289373002672974 0.9572164150932782
4.487397070041254 3.3686539198257606 0.0 0.0 0.0 0.2900889300057845 0.9569996931494279
4.50814864200575 3.382595875599918 0.0 0.0 0.0 0.29076015391919746 0.9567959724480891
4.528942938580258 3.3964737444590583 0.0 0.0 0.0 0.29034407414015656 0.9569223158708837
4.549718543137885 3.4103794606086524 0.0 0.0 0.0 0.29090997215459174 0.9567504314611072
4.57048003331542 3.4243065390632523 0.0 0.0 0.0 0.29141504465829127 0.9565967132218289
4.591226264703664 3.438256124232055 0.0 0.0 0.0 0.2918512324514479 0.9564637254577776
4.611962196409138 3.4522209681901472 0.0 0.0 0.0 0.2915547046985377 0.956554156421971
4.632725975405066 3.466144994886889 0.0 0.0 0.0 0.2919594986957044 0.9564306828627744
4.65343825598714 3.4801449340603483 0.0 0.0 0.0 0.29290754588882717 0.956140768695376
4.67414634040216 3.4941509767495234 0.0 0.0 0.0 0.29262426402110214 0.9562275043660418
4.6948754056524535 3.5081265018601187 0.0 0.0 0.0 0.29244013312874956 0.9562838326227414
4.715594171219976 3.5221165228205393 0.0 0.0 0.0 0.29273454086101003 0.9561937505479178
4.7363060703323185 3.536117606403195 0.0 0.0 0.0 0.29298946958492045 0.9561156680613214
4.757009958580284 3.550129752608086 0.0 0.0 0.0 0.29280536116459255 0.956172066352742
4.777732538845129 3.5641148144619876 0.0 0.0 0.0 0.2930653488845536 0.9560924125225422
4.798421168303804 3.578149467381081 0.0 0.0 0.0 0.2936904387103442 0.9559005838528009
4.8191071274743535 3.5921886979369617 0.0 0.0 0.0 0.29353568731170554 0.9559481158904204
4.839804912206603 3.6062099994154266 0.0 0.0 0.0 0.29339612288635636 0.9559909597246483
4.860498882241529 3.6202370229398753 0.0 0.0 0.0 0.2935882778961119 0.9559319657182698
4.881185604351543 3.634275109086559 0.0 0.0 0.0 0.29373796177894784 0.955885981595059
4.901870800582628 3.648315102581904 0.0 0.0 0.0 0.2937663031955406 0.9558772719898856
4.922555615343981 3.6623554775469813 0.0 0.0 0.0 0.2939948548843808 0.9558070021199425
4.9432274601344375 3.676415307468403 0.0 0.0 0.0 0.2941445194645511 0.9557609542500511
4.9639035010919486 3.690468652404377 0.0 0.0 0.0 0.29422845385500157 0.9557351186087573
4.984570386775886 3.7045357302507114 0.0 0.0 0.0 0.2941445194645511 0.9557609542500511
5.005251386839916 3.7185818272617723 0.0 0.0 0.0 0.2941627295396008 0.9557553497364332
5.025917128114656 3.732650430987036 0.0 0.0 0.0 0.2941495844896355 0.9557593954257393
5.046598891118151 3.7466953835889 0.0 0.0 0.0 0.29364086749989193 0.9559158126811749
5.067294768501739 3.7607201182949552 0.0 0.0 0.0 0.29326259039345226 0.9560319309917019
5.087998656749704 3.7747322644998462 0.0 0.0 0.0 0.2932413569668357 0.9560384440827936
5.108695678542489 3.78875509185724 0.0 0.0 0.0 0.293157396617856 0.9560641928282018
5.129404525896973 3.8027599901372184 0.0 0.0 0.0 0.29274769214771673 0.9561897242400096
5.150125580282889 3.8167473408095134 0.0 0.0 0.0 0.2927507145029725 0.9561887989084578
5.170834427637374 3.830752620559224 0.0 0.0 0.0 0.29273454086101003 0.9561937505479178
5.191556244962754 3.84473844535259 0.0 0.0 0.0 0.2923349102502535 0.9563160043881814
5.212288361970906 3.858709011356666 0.0 0.0 0.0 0.2919514080907166 0.956433152558948
5.233032686010489 3.8726616482833265 0.0 0.0 0.0 0.29197265333109784 0.9564266671871914
5.253763658609444 3.886634121636064 0.0 0.0 0.0 0.29204046368719394 0.9564059637880604
5.274503786481972 3.900592480608708 0.0 0.0 0.0 0.29168527391544946 0.9565143495948554
5.295255358446468 3.9145340549131333 0.0 0.0 0.0 0.2917358609585472 0.9564989218137024
5.315992816030871 3.9284969915225645 0.0 0.0 0.0 0.2917621721548036 0.9564908964017957
5.336742862116438 3.9424408546453833 0.0 0.0 0.0 0.29143123092545425 0.9565917821313722
5.357499774657185 3.956375181024896 0.0 0.0 0.0 0.2911336704400733 0.9566823850871776
5.378266986880703 3.970293104205922 0.0 0.0 0.0 0.29117820863762195 0.9566688302723078
5.399021229133325 3.984231245282757 0.0 0.0 0.0 0.2912966289724131 0.9566327790481091
5.419781574901663 3.9981594681465538 0.0 0.0 0.0 0.2910203076544491 0.9567168758481841
5.440551838883039 4.012073576630257 0.0 0.0 0.0 0.2910840680978643 0.9566974784641161
5.461308751423786 4.026007521540038 0.0 0.0 0.0 0.291120512173257 0.9566863892582461
5.482076726586769 4.039924681781599 0.0 0.0 0.0 0.290860367113758 0.9567655129876128
5.502848897916806 4.053836119977177 0.0 0.0 0.0 0.29072877064459746 0.9568055089303579
5.5236245024744335 4.067741836126771 0.0 0.0 0.0 0.2907783772614024 0.9567904343779915
5.544393622046613 4.081657470489404 0.0 0.0 0.0 0.2908178563237574 0.9567784353983185
5.565166937785847 4.095566619866588 0.0 0.0 0.0 0.29059919839647824 0.9568448703375716
5.58594864585919 4.109463180742608 0.0 0.0 0.0 0.29042607738812026 0.9568974310619449
5.606732261281195 4.123357452800235 0.0 0.0 0.0 0.29047365844081724 0.956882988537265
5.627511299066413 4.13725820984331 0.0 0.0 0.0 0.2905020096176574 0.9568743817283972
5.648293007139756 4.15115477071933 0.0 0.0 0.0 0.2904098815673708 0.9569023464743023
5.669077385501225 4.165047516898028 0.0 0.0 0.0 0.2904756875974503 0.9568823725593384
5.689855278877246 4.178949799820032 0.0 0.0 0.0 0.2905182045663392 0.9568694648778122
5.710637368420322 4.192846360696052 0.0 0.0 0.0 0.2903714034898256 0.9569140233246396
5.731424035600185 4.206736055116892 0.0 0.0 0.0 0.2902286527905191 0.9569573287766808
5.7522141360076375 4.220620027491748 0.0 0.0 0.0 0.2902782653186073 0.956942280748228
5.772997751429642 4.234513918079642 0.0 0.0 0.0 0.290304589014368 0.9569342953396534
5.793786325958166 4.248400179272892 0.0 0.0 0.0 0.29014158025906306 0.9569837320481335
5.814579478123477 4.262279955480693 0.0 0.0 0.0 0.29017903989271454 0.9569723741085436
5.83536614530334 4.276169649901533 0.0 0.0 0.0 0.29020232856438827 0.9569653120650752
5.8561577715897215 4.2900513334579955 0.0 0.0 0.0 0.29002615252258396 0.957018720220742
5.876954738452355 4.303925769089545 0.0 0.0 0.0 0.2898651565686839 0.9570674955338376
5.897755520012311 4.317793338265915 0.0 0.0 0.0 0.2898965468009026 0.9570579878737296
5.918550579526283 4.33167044418559 0.0 0.0 0.0 0.28990768435020114 0.9570546141964439
5.939350979616506 4.345539157771157 0.0 0.0 0.0 0.28974161880990096 0.9571049024685946
5.9601555758737845 4.359401767841007 0.0 0.0 0.0 0.2895917474763704 0.9571502597782555
5.98096474976785 4.373257511455677 0.0 0.0 0.0 0.28960997509128433 0.9571447447108643
6.001768201615931 4.387121647404456 0.0 0.0 0.0 0.2896282026788123 0.9571392292728581
6.0225762311008 4.400978916898055 0.0 0.0 0.0 0.2894651607042307 0.9571885502545848
6.0433892196921875 4.414828938466741 0.0 0.0 0.0 0.28949149108215033 0.957180587241004
6.064195723298127 4.428688496778733 0.0 0.0 0.0 0.28950667982450873 0.9571759933977604
6.085007567480318 4.442539662756616 0.0 0.0 0.0 0.28934363120806045 0.9572252937941694
6.105823607829564 4.456385106688515 0.0 0.0 0.0 0.2892048858465387 0.9572672218364581
6.126643844345864 4.470224447104698 0.0 0.0 0.0 0.28922817755467867 0.9572601847504153
6.147458358816181 4.4840717983852585 0.0 0.0 0.0 0.2892514692913629 0.9572531470372859
6.168277069453552 4.497913046150103 0.0 0.0 0.0 0.2891046167446396 0.9572975089160815
6.18910035772771 4.511747808929499 0.0 0.0 0.0 0.28913601271987804 0.9572880267445376
6.2099171610164206 4.525591726982469 0.0 0.0 0.0 0.28915930473291995 0.9572809913950941
6.23073892341165 4.539428397110527 0.0 0.0 0.0 0.2890063648797588 0.957327175556501
6.251564500504202 4.553258963722868 0.0 0.0 0.0 0.2888858377797173 0.9573635530613805
6.272393510824344 4.567085334168155 0.0 0.0 0.0 0.2889202777894748 0.9573531600627079
6.293217180568234 4.5809189525383545 0.0 0.0 0.0 0.2889354655685506 0.9573485764008243
6.31404504647918 4.594746467392838 0.0 0.0 0.0 0.28881189368955795 0.9573858626820492
6.334875964147983 4.6085694046105345 0.0 0.0 0.0 0.28869844258379546 0.957420079823737
6.355710315044377 4.62238700125198 0.0 0.0 0.0 0.2887197168329755 0.9574136645734103
6.376540088303983 4.6362118458183375 0.0 0.0 0.0 0.28872276016445897 0.9574127468145681
6.397374439200377 4.650029823929515 0.0 0.0 0.0 0.28857181813463073 0.9574582527601262
6.418212604794093 4.663841317055244 0.0 0.0 0.0 0.2885930935182559 0.9574518402371804
6.439045811281289 4.6776612025150826 0.0 0.0 0.0 0.28860321838443703 0.9574487883631922
6.459883213935541 4.691473458580276 0.0 0.0 0.0 0.2884664647865904 0.9574899992655416
6.480724431287115 4.705281518478415 0.0 0.0 0.0 0.28834085900142764 0.9575278319873104
6.501569463336011 4.719083093391106 0.0 0.0 0.0 0.28833172301301485 0.9575305830647636
6.522410680687585 4.732890008880048 0.0 0.0 0.0 0.2883347683710611 0.9575296660409047
6.543255712736482 4.746691965262471 0.0 0.0 0.0 0.28819598839057026 0.9575714449980128
6.564105322422165 4.760487055189714 0.0 0.0 0.0 0.2880744065423942 0.9576080285248487
6.584957220926242 4.774278330419634 0.0 0.0 0.0 0.28808148413114404 0.957605899366121
6.605806067672461 4.7880738018166085 0.0 0.0 0.0 0.2920526925473876 0.956402229595802
6.626426032579332 4.802209162745015 0.0 0.0 0.0 0.2939332229093489 0.9558259572067098
6.647165778982128 4.816168284657124 0.0 0.0 0.0 0.29029952569202394 0.9569358313821182
6.667998603999592 4.829988933056427 0.0 0.0 0.0 0.2875475301173126 0.9577663691754024
6.688897804750468 4.843708873446417 0.0 0.0 0.0 0.28569153851541695 0.9583216291103389
6.709836678353497 4.857367397209515 0.0 0.0 0.0 0.28499473043421963 0.9585290833484014
6.709836483001709 4.857367515563965 0.0 0.0 0.0 0.0 1.0